0 0.204441 0.103499 0.403185 0.206998
0 0.223189 0.279972 0.380952 0.172657
0 0.238146 0.434028 0.363757 0.179335
0 0.248321 0.570913 0.353582 0.184104
0 0.256588 0.695875 0.339591 0.193643
0 0.267399 0.805575 0.330688 0.203182
0 0.276608 0.898542 0.32499 0.202419
0 0.544032 0.189828 0.278541 0.099206
0 0.549756 0.278999 0.277269 0.093483
0 0.555269 0.361531 0.268787 0.095391
0 0.56105 0.43917 0.262312 0.103976
0 0.564433 0.514136 0.260634 0.106797
0 0.564104 0.582969 0.254348 0.110024
0 0.565335 0.648007 0.24485 0.117148
0 0.568326 0.710407 0.242387 0.117939
0 0.56516 0.772163 0.235351 0.121137
0 0.563576 0.824917 0.231481 0.131132
0 0.756536 0.20026 0.118555 0.080737
0 0.754426 0.277187 0.117852 0.074637
0 0.751611 0.347486 0.114334 0.079682
0 0.747214 0.414767 0.111167 0.08232
0 0.745455 0.477694 0.104835 0.089972
0 0.738595 0.539435 0.101669 0.086806
0 0.736153 0.595782 0.096702 0.0966
0 0.734725 0.650646 0.092522 0.101317
0 0.731911 0.702624 0.093226 0.102373
0 0.728569 0.755525 0.096392 0.107386
0 0.894944 0.690351 0.150575 0.094872
0 0.907947 0.618354 0.158602 0.094872
0 0.919344 0.541301 0.155712 0.094872
0 0.925123 0.457746 0.147365 0.096798
0 0.9301 0.371542 0.13677 0.091983
0 0.570253 0.12511 0.174897 0.060626
0 0.597626 0.082672 0.124559 0.05787
0 0.768784 0.143732 0.118996 0.050384
0 0.843775 0.219309 0.046088 0.064054
0 0.84065 0.28141 0.04765 0.060539
0 0.884004 0.280531 0.039578 0.055657
0 0.903407 0.201304 0.077904 0.044126
0 0.888191 0.236984 0.049502 0.028453