0 0.452525 0.640962 0.031591 0.023832
0 0.451494 0.664297 0.031591 0.023832
0 0.450833 0.688198 0.031591 0.024962
0 0.449131 0.712387 0.032563 0.026464
0 0.447114 0.73708 0.032437 0.025852
0 0.44569 0.761425 0.030113 0.025101
0 0.350015 0.581748 0.054742 0.029661
0 0.349354 0.610913 0.054742 0.029661
0 0.348022 0.640407 0.054742 0.030318
0 0.346118 0.66907 0.054939 0.030318
0 0.345006 0.6979 0.055448 0.030318
0 0.34278 0.727233 0.056342 0.030318
0 0.341002 0.756043 0.056342 0.031364
0 0.338539 0.786783 0.057263 0.034179
0 0.398389 0.623056 0.021003 0.018769
0 0.398501 0.640652 0.021673 0.016758
0 0.398617 0.657581 0.022353 0.0171
0 0.398063 0.673078 0.023032 0.015585
0 0.397062 0.689333 0.023711 0.018266
0 0.395614 0.706433 0.02439 0.018266
0 0.394166 0.72361 0.025963 0.019117
0 0.393501 0.740528 0.025972 0.017428
0 0.393367 0.756871 0.02524 0.017589
0 0.392468 0.773632 0.024355 0.018923
0 0.268907 0.578648 0.07083 0.03251
0 0.266338 0.609067 0.071947 0.03066
0 0.26321 0.639405 0.0715 0.03066
0 0.265221 0.670816 0.060775 0.035191
0 0.262209 0.705176 0.059649 0.035191
0 0.259411 0.736758 0.059434 0.034689
0 0.256846 0.767847 0.059649 0.037209
0 0.254496 0.801443 0.059434 0.042397
0 0.202546 0.577223 0.052955 0.032678
0 0.200312 0.608644 0.051614 0.03117
0 0.197296 0.6373 0.051838 0.027148
0 0.222544 0.680619 0.017875 0.041057
0 0.218969 0.718576 0.020556 0.039548
0 0.215506 0.757705 0.026142 0.044408
0 0.21383 0.789629 0.025472 0.033181
0 0.133891 0.573886 0.087769 0.036363
0 0.129707 0.606086 0.088182 0.034994
0 0.126019 0.638285 0.088595 0.033626
0 0.105889 0.672277 0.055857 0.035596
0 0.062474 0.571179 0.056831 0.034455
0 0.059306 0.604891 0.054059 0.033267
0 0.058118 0.637713 0.047722 0.034158
0 0.121048 0.895307 0.155546 0.102881
0 0.113904 0.954402 0.156771 0.090633