0 0.065314 0.263269 0.046563 0.023156
0 0.111381 0.266635 0.046548 0.023847
0 0.064685 0.281774 0.046815 0.018854
0 0.110416 0.284932 0.04695 0.01784
0 0.063644 0.298209 0.045931 0.018854
0 0.109742 0.301303 0.047192 0.018977
0 0.0631 0.314234 0.046134 0.019039
0 0.109256 0.317935 0.046619 0.01959
0 0.062637 0.331657 0.046619 0.021016
0 0.108814 0.335088 0.047061 0.020047
0 0.054683 0.349088 0.031374 0.016792
0 0.085702 0.350057 0.031199 0.016792
0 0.117163 0.352046 0.031687 0.017357
0 0.054305 0.364639 0.031374 0.016792
0 0.085403 0.366628 0.031612 0.017652
0 0.116989 0.368659 0.031816 0.019481
0 0.148491 0.354193 0.031687 0.017357
0 0.180076 0.35655 0.032054 0.018365
0 0.2107 0.358213 0.029984 0.018279
0 0.148426 0.370837 0.031723 0.018365
0 0.18003 0.37269 0.032054 0.018365
0 0.210654 0.374353 0.029984 0.018279
0 0.148049 0.387714 0.031723 0.018365
0 0.179652 0.389385 0.032054 0.01873
0 0.210345 0.391587 0.029624 0.019581
0 0.116547 0.385617 0.031374 0.019148
0 0.053788 0.381528 0.031467 0.019372
0 0.085118 0.383776 0.031263 0.018706
0 0.14792 0.404998 0.032257 0.019614
0 0.179722 0.406533 0.032286 0.019737
0 0.210078 0.40889 0.029902 0.019148
0 0.116413 0.403482 0.03199 0.020536
0 0.053742 0.399436 0.031467 0.019372
0 0.085071 0.402083 0.031263 0.019505
0 0.091176 0.420335 0.017699 0.020055
0 0.115723 0.420891 0.032015 0.018299
0 0.209685 0.425608 0.029627 0.018277
0 0.179135 0.423863 0.032356 0.018237
0 0.147587 0.422958 0.032503 0.018479
0 0.154059 0.439943 0.046622 0.016668
0 0.199798 0.442559 0.045151 0.020065
0 0.153667 0.456776 0.047016 0.018692
0 0.199578 0.45838 0.045004 0.020065
0 0.199357 0.476225 0.04574 0.018621
0 0.15325 0.47328 0.047063 0.019414
0 0.152909 0.490081 0.047063 0.019414
0 0.198451 0.492858 0.044316 0.019743
0 0.198257 0.50966 0.044316 0.019743
0 0.152714 0.506883 0.047063 0.019414
0 0.143999 0.523116 0.031042 0.018117
0 0.174765 0.52481 0.030711 0.018854
0 0.205144 0.526621 0.030711 0.01759
0 0.204956 0.543517 0.03131 0.018854
0 0.143699 0.54073 0.03142 0.018117
0 0.174378 0.541896 0.030379 0.019148
0 0.174111 0.559215 0.030379 0.019148
0 0.204909 0.56113 0.03131 0.018854
0 0.143322 0.558049 0.03142 0.018117
0 0.142944 0.575662 0.03142 0.018117
0 0.173724 0.576829 0.030362 0.019148
0 0.204531 0.578591 0.03131 0.018854
0 0.204253 0.596585 0.031177 0.018854
0 0.173697 0.593158 0.030127 0.01643
0 0.204291 0.61396 0.031559 0.019757
0 0.203894 0.632107 0.032064 0.019757
0 0.20352 0.650543 0.032064 0.018565
0 0.203306 0.668138 0.031465 0.018685
0 0.203276 0.685674 0.031465 0.018685
0 0.164967 0.609091 0.047968 0.018339
0 0.164293 0.626073 0.048684 0.017844
0 0.163461 0.641698 0.048684 0.017844
0 0.163419 0.65746 0.048312 0.018339
0 0.163334 0.674383 0.048828 0.019797
0 0.076325 0.616517 0.067817 0.036169
0 0.074968 0.647918 0.068063 0.03321
0 0.074478 0.676363 0.068059 0.034203
0 0.07374 0.705631 0.068054 0.03684
0 0.072756 0.735227 0.068542 0.038819
0 0.071649 0.764658 0.06977 0.04047
0 0.070419 0.793761 0.069765 0.042778
0 0.115289 0.613722 0.011591 0.031894
0 0.126144 0.609125 0.011591 0.031894
0 0.136255 0.605673 0.009115 0.028948
0 0.136013 0.63297 0.009115 0.028948
0 0.115044 0.641509 0.011595 0.032874
0 0.125903 0.636423 0.011591 0.031894
0 0.13588 0.658275 0.008878 0.02762
0 0.114307 0.66979 0.01308 0.034183
0 0.126031 0.662724 0.011344 0.029244
0 0.124853 0.689218 0.012028 0.033749
0 0.134906 0.682158 0.007719 0.029201
0 0.113238 0.696521 0.012996 0.037343
0 0.11275 0.72555 0.012996 0.037343
0 0.123865 0.716864 0.010053 0.034467
0 0.133764 0.707922 0.009644 0.031901
0 0.132917 0.732695 0.009644 0.032485
0 0.111798 0.75427 0.013564 0.038163
0 0.123262 0.743585 0.010182 0.037646
0 0.123327 0.768564 0.010771 0.033031
0 0.132468 0.758545 0.008286 0.03214
0 0.111055 0.782361 0.01449 0.03956
0 0.285778 0.404114 0.027424 0.019843
0 0.312714 0.405916 0.027424 0.019843
0 0.334536 0.406807 0.017197 0.018916
0 0.351767 0.407802 0.017518 0.019192
0 0.262709 0.402906 0.019745 0.01921
0 0.262053 0.421429 0.019745 0.01921
0 0.285123 0.422638 0.027424 0.019843
0 0.312059 0.424439 0.027424 0.019843
0 0.333881 0.425331 0.017197 0.018916
0 0.351111 0.426325 0.017518 0.019192
0 0.261565 0.439953 0.019745 0.01921
0 0.284788 0.441161 0.027116 0.019843
0 0.31157 0.442963 0.027424 0.019843
0 0.333392 0.443854 0.017197 0.018916
0 0.350623 0.444849 0.017518 0.019192
0 0.350365 0.466578 0.017979 0.026604
0 0.26105 0.461682 0.019692 0.026621
0 0.28421 0.463225 0.027551 0.026586
0 0.311139 0.464237 0.027538 0.028164
0 0.333135 0.465789 0.017658 0.025917
0 0.254759 0.483822 0.029932 0.020512
0 0.278839 0.485048 0.019565 0.020289
0 0.297574 0.486061 0.018882 0.020049
0 0.315473 0.486609 0.017866 0.019397
0 0.337533 0.487621 0.026922 0.020049
0 0.360525 0.489173 0.018729 0.020066
0 0.359703 0.508142 0.018729 0.020066
0 0.253936 0.503451 0.029932 0.019192
0 0.278016 0.504018 0.019565 0.020289
0 0.296751 0.50503 0.018882 0.020049
0 0.31465 0.505578 0.017866 0.019397
0 0.33671 0.506591 0.026922 0.020049
0 0.336222 0.525783 0.026922 0.020049
0 0.359214 0.527335 0.018729 0.020066
0 0.253448 0.522644 0.029932 0.019192
0 0.277528 0.52321 0.019565 0.020289
0 0.296263 0.524222 0.018882 0.020049
0 0.314149 0.524771 0.017839 0.019397
0 0.313326 0.54374 0.017839 0.019397
0 0.335399 0.544752 0.026922 0.020049
0 0.358392 0.546304 0.018729 0.020066
0 0.252625 0.541613 0.029932 0.019192
0 0.276705 0.542179 0.019565 0.020289
0 0.29544 0.543192 0.018882 0.020049
0 0.29445 0.566174 0.018882 0.020049
0 0.312336 0.566723 0.017839 0.019397
0 0.334633 0.568145 0.027371 0.020869
0 0.357877 0.569251 0.018782 0.02103
0 0.251635 0.564596 0.029932 0.019192
0 0.275715 0.565162 0.019565 0.020289
0 0.275227 0.583909 0.019565 0.020289
0 0.293962 0.584921 0.018882 0.020049
0 0.311848 0.585469 0.017839 0.019397
0 0.334145 0.586892 0.027371 0.020869
0 0.357298 0.588212 0.018963 0.020601
0 0.251147 0.583342 0.029932 0.019192
0 0.544329 0.417052 0.04279 0.027652
0 0.571762 0.454504 0.042003 0.042353
0 0.576356 0.496332 0.04594 0.043403
0 0.543147 0.458879 0.009451 0.039903
0 0.54761 0.495632 0.011551 0.040603
0 0.536191 0.497207 0.011813 0.036752
0 0.574781 0.53921 0.060116 0.046553
0 0.541178 0.536409 0.006563 0.040253
0 0.53409 0.535359 0.007613 0.039553
0 0.527396 0.535009 0.0063 0.037452
0 0.520571 0.534484 0.006825 0.037102
0 0.520571 0.568436 0.0063 0.033602
0 0.573862 0.581961 0.061429 0.046553
0 0.540522 0.576487 0.00735 0.040603
0 0.53304 0.573512 0.008138 0.038852
0 0.526609 0.571237 0.00735 0.035702
0 0.525333 0.605038 0.00735 0.039602
0 0.53199 0.611514 0.008138 0.044152
0 0.539097 0.614989 0.007051 0.042703
0 0.520702 0.602039 0.004988 0.036402
0 0.544985 0.62199 0.008926 0.049003
0 0.543691 0.661892 0.008437 0.050403
0 0.525034 0.642991 0.006825 0.043403
0 0.53094 0.648942 0.008138 0.044103
0 0.537241 0.654717 0.006563 0.044453
0 0.520702 0.639666 0.003938 0.039553
0 0.5203 0.678793 0.005867 0.043793
0 0.542792 0.706537 0.007853 0.059966
0 0.525078 0.683945 0.00685 0.04473
0 0.530282 0.691088 0.007072 0.048711
0 0.535968 0.697645 0.005796 0.051521
0 0.54071 0.751742 0.010012 0.052458
0 0.534826 0.740033 0.008431 0.044964
0 0.528854 0.730314 0.008079 0.043325
0 0.523585 0.722235 0.007026 0.042622
0 0.519018 0.713453 0.005621 0.035362
0 0.069399 0.440056 0.074146 0.025921
0 0.059905 0.458442 0.067365 0.02351
0 0.099691 0.462209 0.012659 0.022606
0 0.074372 0.480595 0.014468 0.020797
0 0.087258 0.481198 0.011755 0.0214
0 0.099126 0.4815 0.011529 0.020797
0 0.099108 0.502297 0.011565 0.0214
0 0.074336 0.501646 0.014468 0.020797
0 0.087221 0.502249 0.011755 0.0214
0 0.094944 0.522642 0.017632 0.018687
0 0.094134 0.539949 0.018799 0.021955
0 0.09323 0.561047 0.019179 0.025065
0 0.092778 0.581242 0.019703 0.02738
0 0.110202 0.52219 0.013337 0.023208
0 0.109714 0.545048 0.013337 0.023208
0 0.109072 0.567099 0.013337 0.024414
0 0.021508 0.413101 0.029064 0.024285
0 0.04505 0.417881 0.020733 0.02196
0 0.020779 0.433573 0.02412 0.024926
0 0.028767 0.527268 0.05602 0.029524
0 0.066713 0.527394 0.016465 0.026748
0 0.06605 0.554647 0.01779 0.026748
0 0.01921 0.557801 0.038419 0.031038
0 0.047693 0.556414 0.018926 0.029272
0 0.018452 0.587325 0.036148 0.033057
0 0.046084 0.583666 0.019493 0.030281
0 0.06501 0.581017 0.017601 0.030029
0 0.021007 0.619751 0.041258 0.030786
0 0.020708 0.648771 0.041258 0.03129
0 0.020506 0.678242 0.041148 0.032406
0 0.020088 0.70847 0.040448 0.032007
0 0.019479 0.739402 0.039772 0.032007
0 0.018945 0.769935 0.03857 0.03121
0 0.018153 0.799923 0.037125 0.029776
0 0.520549 0.441346 0.00511 0.022711
0 0.51533 0.443218 0.00511 0.022711
0 0.510489 0.446352 0.00511 0.022711
0 0.506096 0.448066 0.004213 0.021383
0 0.505229 0.469368 0.004213 0.021383
0 0.519683 0.462648 0.00511 0.022711
0 0.514463 0.464521 0.00511 0.022711
0 0.509622 0.467655 0.00511 0.022711
0 0.507112 0.426962 0.003596 0.023215
0 0.510992 0.424565 0.004921 0.024982
0 0.515913 0.421411 0.004921 0.028262
0 0.036118 0.474354 0.013843 0.026511
0 0.021645 0.472676 0.017618 0.027854
0 0.006544 0.470327 0.012081 0.03121
0 0.006544 0.498684 0.012081 0.028189
0 0.020135 0.499523 0.015605 0.027854
0 0.034733 0.499859 0.013591 0.027854