0 0.741172 0.741007 0.096331 0.046907
0 0.736916 0.780387 0.096331 0.048029
0 0.739792 0.820038 0.099091 0.051846
0 0.752315 0.855579 0.101363 0.048525
0 0.75519 0.889547 0.105676 0.050682
0 0.75555 0.923244 0.109271 0.052299
0 0.825282 0.749364 0.073326 0.046368
0 0.830343 0.784949 0.074707 0.046368
0 0.836065 0.823499 0.076202 0.047986
0 0.841816 0.859893 0.073326 0.04529
0 0.845411 0.898443 0.069013 0.052299
0 0.618242 0.761495 0.14234 0.058769
0 0.508253 0.773357 0.156717 0.062004
0 0.635496 0.806785 0.104957 0.054456
0 0.523349 0.82269 0.117897 0.057151
0 0.638371 0.849109 0.102082 0.056073
0 0.521912 0.866902 0.119335 0.059308
0 0.63909 0.894938 0.107833 0.0647
0 0.514723 0.913809 0.123648 0.066856
0 0.516161 0.961795 0.122211 0.069013