0 0.32911 0.731957 0.060103 0.03153
0 0.386118 0.733377 0.060103 0.03153
0 0.44492 0.733412 0.060103 0.03153
0 0.503274 0.734486 0.060103 0.03153
0 0.562525 0.73556 0.060103 0.03153
0 0.562682 0.766952 0.060327 0.032916
0 0.563265 0.79921 0.060148 0.032916
0 0.562862 0.831468 0.060148 0.032916
0 0.562346 0.865926 0.061 0.036624
0 0.562996 0.901285 0.060507 0.035203
0 0.267779 0.763366 0.059092 0.032995
0 0.326975 0.763847 0.060958 0.032675
0 0.385756 0.764487 0.058677 0.033636
0 0.443811 0.765128 0.059921 0.033636
0 0.503317 0.765929 0.059921 0.032995
0 0.502332 0.798873 0.059921 0.032995
0 0.266794 0.796311 0.059092 0.032995
0 0.325989 0.796791 0.060958 0.032675
0 0.38477 0.797432 0.058677 0.033636
0 0.442825 0.798073 0.059921 0.033636
0 0.441031 0.830393 0.059921 0.033636
0 0.500538 0.831194 0.059921 0.032995
0 0.265 0.828631 0.059092 0.032995
0 0.324195 0.829112 0.060958 0.032675
0 0.382976 0.829752 0.058677 0.033636
0 0.381158 0.896976 0.059436 0.039357
0 0.438559 0.89714 0.061796 0.037189
0 0.499219 0.898675 0.064103 0.037763
0 0.261667 0.895158 0.06167 0.036347
0 0.321503 0.895791 0.062392 0.036363
0 0.324244 0.861295 0.060958 0.032675
0 0.383025 0.861936 0.058677 0.033636
0 0.44108 0.862576 0.059921 0.033636
0 0.500586 0.863377 0.059921 0.032995
0 0.265048 0.860814 0.059092 0.032995
0 0.211406 0.763497 0.056266 0.032446
0 0.208897 0.794922 0.057587 0.032038