0 0.496118 0.648702 0.033069 0.016822
0 0.497843 0.664122 0.031919 0.016175
0 0.499137 0.679326 0.031631 0.016822
0 0.500288 0.694854 0.032206 0.017253
0 0.501294 0.711029 0.032494 0.016822
0 0.57971 0.708808 0.032494 0.016822
0 0.574822 0.647127 0.033069 0.016822
0 0.576547 0.662547 0.031919 0.016175
0 0.577841 0.677752 0.031631 0.016822
0 0.578991 0.69328 0.032206 0.017253
0 0.535944 0.647731 0.047734 0.017469
0 0.537296 0.664057 0.047734 0.017469
0 0.538935 0.67952 0.047734 0.017469
0 0.539711 0.695199 0.047734 0.017469
0 0.540488 0.710253 0.047734 0.016218
0 0.549891 0.725587 0.033069 0.016606
0 0.581047 0.724692 0.032292 0.017404
0 0.551242 0.741481 0.033069 0.016606
0 0.582399 0.740586 0.032292 0.017404
0 0.583405 0.755834 0.031602 0.017404
0 0.552306 0.75716 0.033069 0.016606
0 0.510496 0.727258 0.047734 0.017145
0 0.51156 0.742721 0.047734 0.017145
0 0.512624 0.758616 0.047734 0.017145