0 0.415743 0.677117 0.05889 0.031257
0 0.415185 0.706597 0.060004 0.03246
0 0.415081 0.736077 0.060212 0.032983
0 0.417102 0.766811 0.061608 0.035334
0 0.415969 0.799596 0.062061 0.033635
0 0.414279 0.833231 0.062305 0.037712
0 0.413704 0.867036 0.063873 0.04009
0 0.414157 0.900671 0.064779 0.038731
0 0.415063 0.934228 0.066591 0.038575
0 0.413025 0.96964 0.065232 0.044847
0 0.512623 0.730481 0.054581 0.020135
0 0.579752 0.699078 0.013228 0.019962
0 0.580156 0.717347 0.012744 0.020446
0 0.581527 0.735555 0.015808 0.022503
0 0.581841 0.75418 0.019341 0.023701